ObjPos1 = 1974.123291
ObjPos2 = -2069.198486
ObjPos3 = 13.127223
ObjRot1 = 0.000000
ObjRot2 = 0.000000
ObjRot3 = 177.541290
Time = 0
