ObjPos1 = 1832.759399
ObjPos2 = -1792.192138
ObjPos3 = 13.296864
ObjRot1 = 0.000000
ObjRot2 = 0.000000
ObjRot3 = 358.952453
Time = 0
