ObjPos1 = 2542.874755
ObjPos2 = -17.478900
ObjPos3 = 26.234363
ObjRot1 = 0.000000
ObjRot2 = 0.000000
ObjRot3 = 176.818695
Time = 0
