ObjPos1 = 2353.212402
ObjPos2 = -74.360252
ObjPos3 = 26.224355
ObjRot1 = 0.000000
ObjRot2 = 0.000000
ObjRot3 = 270.076232
Time = 0
