ObjPos1 = 2284.666503
ObjPos2 = 4.724838
ObjPos3 = 26.274368
ObjRot1 = 0.000000
ObjRot2 = 0.000000
ObjRot3 = 89.028556
Time = 0
