ObjPos1 = 2233.179931
ObjPos2 = 77.574584
ObjPos3 = 26.244359
ObjRot1 = 0.000000
ObjRot2 = 0.000000
ObjRot3 = 270.598144
Time = 0
