ObjPos1 = 2303.224609
ObjPos2 = 79.301338
ObjPos3 = 26.244363
ObjRot1 = 0.000000
ObjRot2 = 0.000000
ObjRot3 = -90.213241
Time = 0
