ObjPos1 = 1364.159912
ObjPos2 = 302.893585
ObjPos3 = 19.306873
ObjRot1 = 0.000000
ObjRot2 = 0.000000
ObjRot3 = 335.014434
Time = 0
