ObjPos1 = 1311.501098
ObjPos2 = 359.123229
ObjPos3 = 19.314676
ObjRot1 = 0.000000
ObjRot2 = 0.000000
ObjRot3 = 155.910125
Time = 0
