ObjPos1 = 1207.729125
ObjPos2 = 274.011322
ObjPos3 = 19.344671
ObjRot1 = 0.000000
ObjRot2 = 0.000000
ObjRot3 = 156.216262
Time = 0
