ObjPos1 = 1378.821289
ObjPos2 = 476.358215
ObjPos3 = 20.012992
ObjRot1 = 0.000000
ObjRot2 = 0.000000
ObjRot3 = 157.001388
Time = 0
