ObjPos1 = 1972.092285
ObjPos2 = -1784.417236
ObjPos3 = 13.286858
ObjRot1 = 0.000000
ObjRot2 = 0.000000
ObjRot3 = 269.002685
Time = 0
