ObjPos1 = 821.354797
ObjPos2 = -564.379516
ObjPos3 = 16.105922
ObjRot1 = 0.000000
ObjRot2 = 0.000000
ObjRot3 = 89.517074
Time = 0
