ObjPos1 = 712.443908
ObjPos2 = -581.243469
ObjPos3 = 16.095922
ObjRot1 = 0.000000
ObjRot2 = 0.000000
ObjRot3 = 88.585678
Time = 0
