ObjPos1 = 696.080322
ObjPos2 = -609.397338
ObjPos3 = 16.095924
ObjRot1 = 0.000000
ObjRot2 = 0.000000
ObjRot3 = 179.752243
Time = 0
