ObjPos1 = 209.808029
ObjPos2 = -183.073760
ObjPos3 = 1.318125
ObjRot1 = 0.000000
ObjRot2 = 0.000000
ObjRot3 = 179.084426
Time = 0
