ObjPos1 = 172.368789
ObjPos2 = -183.672561
ObjPos3 = 1.308125
ObjRot1 = 0.000000
ObjRot2 = 0.000000
ObjRot3 = 88.818168
Time = 0
