ObjPos1 = 148.412811
ObjPos2 = -151.107101
ObjPos3 = 1.318125
ObjRot1 = 0.000000
ObjRot2 = 0.000000
ObjRot3 = 179.326812
Time = 0
