ObjPos1 = 218.733505
ObjPos2 = -31.218820
ObjPos3 = 1.358125
ObjRot1 = 0.000000
ObjRot2 = 0.000000
ObjRot3 = 182.106369
Time = 0
