ObjPos1 = 220.479980
ObjPos2 = -223.168167
ObjPos3 = 1.358125
ObjRot1 = 0.000000
ObjRot2 = 0.000000
ObjRot3 = -179.775833
Time = 0
