ObjPos1 = 297.159301
ObjPos2 = -173.075210
ObjPos3 = 1.308125
ObjRot1 = 0.000000
ObjRot2 = 0.000000
ObjRot3 = 270.976287
Time = 0
