ObjPos1 = -2186.924804
ObjPos2 = -2408.491943
ObjPos3 = 30.344985
ObjRot1 = 0.000000
ObjRot2 = 0.000000
ObjRot3 = 231.444137
Time = 0
