ObjPos1 = -2098.006835
ObjPos2 = -2477.493408
ObjPos3 = 30.374992
ObjRot1 = 0.000000
ObjRot2 = 0.000000
ObjRot3 = 319.991546
Time = 0
