ObjPos1 = -2199.033447
ObjPos2 = -2420.202148
ObjPos3 = 30.364980
ObjRot1 = 0.000000
ObjRot2 = 0.000000
ObjRot3 = 232.879913
Time = 0
