ObjPos1 = -2206.050781
ObjPos2 = -2291.086181
ObjPos3 = 30.394981
ObjRot1 = 0.000000
ObjRot2 = 0.000000
ObjRot3 = 142.505859
Time = 0
