ObjPos1 = -2101.134033
ObjPos2 = -2345.387939
ObjPos3 = 30.434982
ObjRot1 = 0.000000
ObjRot2 = 0.000000
ObjRot3 = 323.040771
Time = 0
