ObjPos1 = 2071.274169
ObjPos2 = -1686.462280
ObjPos3 = 13.304677
ObjRot1 = 0.000000
ObjRot2 = 0.000000
ObjRot3 = 88.669143
Time = 0
