ObjPos1 = 2097.921630
ObjPos2 = -1601.874145
ObjPos3 = 13.278330
ObjRot1 = 0.000000
ObjRot2 = 0.000000
ObjRot3 = 271.956481
Time = 0
