ObjPos1 = 2037.439697
ObjPos2 = -1741.261962
ObjPos3 = 13.306872
ObjRot1 = 0.000000
ObjRot2 = 0.000000
ObjRot3 = 91.207595
Time = 0
