ObjPos1 = 2174.041748
ObjPos2 = -1729.065917
ObjPos3 = 13.269357
ObjRot1 = 0.000000
ObjRot2 = 0.000000
ObjRot3 = 179.279022
Time = 0
