ObjPos1 = 2240.794189
ObjPos2 = -1625.731445
ObjPos3 = 15.550665
ObjRot1 = 0.000000
ObjRot2 = 0.000000
ObjRot3 = 342.048919
Time = 0
