ObjPos1 = 2276.348632
ObjPos2 = -1671.340698
ObjPos3 = 14.942139
ObjRot1 = 0.000000
ObjRot2 = -1.500000
ObjRot3 = 90.109794
Time = 0
