ObjPos1 = 1913.498168
ObjPos2 = -2153.487060
ObjPos3 = 13.297698
ObjRot1 = 0.000000
ObjRot2 = 0.000000
ObjRot3 = 88.720314
Time = 0
