ObjPos1 = 2306.208984
ObjPos2 = -1647.186401
ObjPos3 = 14.177688
ObjRot1 = 0.000000
ObjRot2 = 0.000000
ObjRot3 = 269.408843
Time = 0
