ObjPos1 = 2426.915039
ObjPos2 = -1649.380981
ObjPos3 = 13.296861
ObjRot1 = 0.000000
ObjRot2 = 0.000000
ObjRot3 = 359.420867
Time = 0
