ObjPos1 = 2526.125976
ObjPos2 = -1670.579101
ObjPos3 = 14.899076
ObjRot1 = 0.000000
ObjRot2 = 0.000000
ObjRot3 = 178.723266
Time = 0
