ObjPos1 = 2296.142822
ObjPos2 = -1721.909057
ObjPos3 = 13.272547
ObjRot1 = 0.000000
ObjRot2 = 0.000000
ObjRot3 = 0.979131
Time = 0
