ObjPos1 = 1478.362426
ObjPos2 = 1935.326293
ObjPos3 = 10.560297
ObjRot1 = 0.000000
ObjRot2 = 0.000000
ObjRot3 = 88.783882
Time = 0
