ObjPos1 = 2307.447998
ObjPos2 = -1766.497314
ObjPos3 = 13.407743
ObjRot1 = 0.000000
ObjRot2 = 0.000000
ObjRot3 = -179.919616
Time = 0
