ObjPos1 = 2380.010986
ObjPos2 = -1765.918090
ObjPos3 = 13.266864
ObjRot1 = 0.000000
ObjRot2 = 0.000000
ObjRot3 = 269.262603
Time = 0
