ObjPos1 = 2482.851074
ObjPos2 = -1717.765258
ObjPos3 = 13.304933
ObjRot1 = 0.000000
ObjRot2 = 0.000000
ObjRot3 = -90.394393
Time = 0
