ObjPos1 = 2543.137451
ObjPos2 = -1720.326538
ObjPos3 = 13.276865
ObjRot1 = 0.000000
ObjRot2 = 0.000000
ObjRot3 = -0.262097
Time = 0
