ObjPos1 = 2526.959960
ObjPos2 = -1913.228271
ObjPos3 = 13.316862
ObjRot1 = 0.000000
ObjRot2 = 0.000000
ObjRot3 = 268.221008
Time = 0
