ObjPos1 = 2424.122802
ObjPos2 = -1881.809204
ObjPos3 = 13.306866
ObjRot1 = 0.000000
ObjRot2 = 0.000000
ObjRot3 = -90.328170
Time = 0
