ObjPos1 = 1659.617187
ObjPos2 = -2113.794677
ObjPos3 = 13.286853
ObjRot1 = 0.000000
ObjRot2 = 0.000000
ObjRot3 = 92.564208
Time = 0
