ObjPos1 = 2440.291503
ObjPos2 = -1572.568847
ObjPos3 = 23.719993
ObjRot1 = 0.000000
ObjRot2 = 0.000000
ObjRot3 = -90.080253
Time = 0
