ObjPos1 = 2474.687988
ObjPos2 = -1516.967163
ObjPos3 = 23.729368
ObjRot1 = 0.000000
ObjRot2 = 0.200000
ObjRot3 = 87.032333
Time = 0
