ObjPos1 = 2561.766357
ObjPos2 = -1287.700561
ObjPos3 = 45.852828
ObjRot1 = 0.000000
ObjRot2 = 0.000000
ObjRot3 = 90.176002
Time = 0
