ObjPos1 = 2633.500732
ObjPos2 = -1244.765502
ObjPos3 = 49.794860
ObjRot1 = 0.000000
ObjRot2 = 0.000000
ObjRot3 = 90.586479
Time = 0
