ObjPos1 = 2711.603515
ObjPos2 = -1127.987792
ObjPos3 = 69.328155
ObjRot1 = 0.000000
ObjRot2 = 0.000000
ObjRot3 = 0.006731
Time = 0
