ObjPos1 = 2681.130859
ObjPos2 = -1097.370483
ObjPos3 = 69.030929
ObjRot1 = 0.000000
ObjRot2 = 0.000000
ObjRot3 = 89.608398
Time = 0
