ObjPos1 = 2633.532714
ObjPos2 = -1433.231933
ObjPos3 = 30.222162
ObjRot1 = 0.000000
ObjRot2 = 0.000000
ObjRot3 = 89.868080
Time = 0
