ObjPos1 = 2399.939208
ObjPos2 = -1246.154663
ObjPos3 = 23.633234
ObjRot1 = 0.000000
ObjRot2 = 0.000000
ObjRot3 = 357.759979
Time = 0
