ObjPos1 = 1834.705200
ObjPos2 = -2096.107910
ObjPos3 = 13.306863
ObjRot1 = 0.000000
ObjRot2 = 0.000000
ObjRot3 = 357.946441
Time = 0
