ObjPos1 = 2414.358154
ObjPos2 = -1390.261840
ObjPos3 = 24.108701
ObjRot1 = 0.000000
ObjRot2 = 0.000000
ObjRot3 = 268.665039
Time = 0
