ObjPos1 = 2331.533935
ObjPos2 = -1372.072143
ObjPos3 = 23.729211
ObjRot1 = 0.000000
ObjRot2 = 0.000000
ObjRot3 = 90.494400
Time = 0
