ObjPos1 = 2354.799560
ObjPos2 = -1478.948242
ObjPos3 = 23.694433
ObjRot1 = 0.000000
ObjRot2 = 0.000000
ObjRot3 = 180.591827
Time = 0
