ObjPos1 = 2201.445556
ObjPos2 = -1495.506469
ObjPos3 = 23.724056
ObjRot1 = 0.000000
ObjRot2 = 0.000000
ObjRot3 = 1.005840
Time = 0
