ObjPos1 = 2227.445312
ObjPos2 = -1373.851928
ObjPos3 = 23.702173
ObjRot1 = 0.000000
ObjRot2 = 0.000000
ObjRot3 = 359.330322
Time = 0
