ObjPos1 = 2172.787597
ObjPos2 = -1394.756958
ObjPos3 = 23.704366
ObjRot1 = 0.000000
ObjRot2 = 0.000000
ObjRot3 = -179.845764
Time = 0
