ObjPos1 = 2093.100341
ObjPos2 = -1340.405761
ObjPos3 = 23.744365
ObjRot1 = -0.099999
ObjRot2 = 0.000000
ObjRot3 = -0.055755
Time = 0
