ObjPos1 = 2156.378662
ObjPos2 = -1344.563476
ObjPos3 = 23.723949
ObjRot1 = 0.000000
ObjRot2 = 0.000000
ObjRot3 = 89.914695
Time = 0
