ObjPos1 = 2228.130371
ObjPos2 = -1311.185424
ObjPos3 = 23.724367
ObjRot1 = 0.000000
ObjRot2 = 0.000000
ObjRot3 = 179.643630
Time = 0
