ObjPos1 = 2111.610351
ObjPos2 = -2163.852783
ObjPos3 = 13.296859
ObjRot1 = 0.000000
ObjRot2 = 0.000000
ObjRot3 = 91.380210
Time = 0
