ObjPos1 = 2260.226318
ObjPos2 = -1258.885253
ObjPos3 = 23.715082
ObjRot1 = -0.300000
ObjRot2 = 0.000000
ObjRot3 = 90.364677
Time = 0
