ObjPos1 = 2163.485351
ObjPos2 = -1210.202026
ObjPos3 = 23.678730
ObjRot1 = 0.000000
ObjRot2 = 0.000000
ObjRot3 = 179.780212
Time = 0
