ObjPos1 = 2181.701171
ObjPos2 = -1260.726806
ObjPos3 = 23.732812
ObjRot1 = 0.000000
ObjRot2 = 0.000000
ObjRot3 = 173.738021
Time = 0
