ObjPos1 = 2082.990722
ObjPos2 = -1263.451171
ObjPos3 = 23.742761
ObjRot1 = 0.000000
ObjRot2 = 0.000000
ObjRot3 = -179.783447
Time = 0
