ObjPos1 = 2083.186767
ObjPos2 = -1195.910888
ObjPos3 = 23.605497
ObjRot1 = 0.000000
ObjRot2 = 0.000000
ObjRot3 = -179.887420
Time = 0
