ObjPos1 = 2056.457763
ObjPos2 = -1102.045410
ObjPos3 = 24.250404
ObjRot1 = 0.000000
ObjRot2 = 0.000000
ObjRot3 = 3.404021
Time = 0
