ObjPos1 = 1990.953002
ObjPos2 = -1089.079589
ObjPos3 = 24.364696
ObjRot1 = 0.000000
ObjRot2 = 0.000000
ObjRot3 = -0.678503
Time = 0
