ObjPos1 = 1878.360229
ObjPos2 = -1090.151245
ObjPos3 = 23.617925
ObjRot1 = 0.000000
ObjRot2 = 0.000000
ObjRot3 = 179.752883
Time = 0
