ObjPos1 = 1966.856811
ObjPos2 = -1271.983154
ObjPos3 = 23.730785
ObjRot1 = 0.000000
ObjRot2 = 0.000000
ObjRot3 = 91.489326
Time = 0
