ObjPos1 = 2004.511108
ObjPos2 = -1354.305541
ObjPos3 = 23.744356
ObjRot1 = 0.000000
ObjRot2 = 0.000000
ObjRot3 = -90.195526
Time = 0
