ObjPos1 = 2083.630126
ObjPos2 = -2092.814941
ObjPos3 = 13.316859
ObjRot1 = 0.000000
ObjRot2 = 0.000000
ObjRot3 = 89.470718
Time = 0
