ObjPos1 = 2140.459960
ObjPos2 = -1495.489501
ObjPos3 = 23.729784
ObjRot1 = 0.000000
ObjRot2 = 0.000000
ObjRot3 = -0.631268
Time = 0
