ObjPos1 = 827.220520
ObjPos2 = -888.308105
ObjPos3 = 68.503440
ObjRot1 = 0.000000
ObjRot2 = 0.000000
ObjRot3 = 143.363601
Time = 0
