ObjPos1 = 776.913696
ObjPos2 = -1418.666503
ObjPos3 = 13.282200
ObjRot1 = 0.000000
ObjRot2 = 0.000000
ObjRot3 = 180.347747
Time = 0
