ObjPos1 = 311.657836
ObjPos2 = -1628.595947
ObjPos3 = 33.058834
ObjRot1 = 0.000000
ObjRot2 = 0.000000
ObjRot3 = 176.303344
Time = 0
