ObjPos1 = 462.004241
ObjPos2 = -1623.743896
ObjPos3 = 25.878194
ObjRot1 = 0.000000
ObjRot2 = 0.000000
ObjRot3 = 268.822814
Time = 0
