ObjPos1 = 679.423156
ObjPos2 = -1596.082519
ObjPos3 = 13.809985
ObjRot1 = 0.000000
ObjRot2 = 0.000000
ObjRot3 = 180.819961
Time = 0
