ObjPos1 = 683.662536
ObjPos2 = -1573.965698
ObjPos3 = 13.972178
ObjRot1 = 0.000000
ObjRot2 = 0.000000
ObjRot3 = 90.901565
Time = 0
