ObjPos1 = 765.402038
ObjPos2 = -1543.228637
ObjPos3 = 13.286868
ObjRot1 = 0.000000
ObjRot2 = 0.000000
ObjRot3 = 76.153633
Time = 0
