ObjPos1 = 862.981689
ObjPos2 = -1470.661987
ObjPos3 = 13.360330
ObjRot1 = 0.000000
ObjRot2 = 0.000000
ObjRot3 = 90.679725
Time = 0
