ObjPos1 = 853.448913
ObjPos2 = -1553.793334
ObjPos3 = 13.215107
ObjRot1 = 0.000000
ObjRot2 = 0.000000
ObjRot3 = 178.802200
Time = 0
