ObjPos1 = 2405.259033
ObjPos2 = -2059.923583
ObjPos3 = 13.296865
ObjRot1 = 0.000000
ObjRot2 = 0.000000
ObjRot3 = 358.944824
Time = 0
