ObjPos1 = 791.384582
ObjPos2 = -1613.771728
ObjPos3 = 13.112805
ObjRot1 = 0.000000
ObjRot2 = 0.000000
ObjRot3 = -90.006294
Time = 0
