ObjPos1 = 852.452880
ObjPos2 = -1616.506225
ObjPos3 = 13.286866
ObjRot1 = 0.500000
ObjRot2 = 0.000000
ObjRot3 = -88.493690
Time = 0
