ObjPos1 = 820.736450
ObjPos2 = -1699.389404
ObjPos3 = 13.296871
ObjRot1 = 0.000000
ObjRot2 = 0.000000
ObjRot3 = -90.564971
Time = 0
