ObjPos1 = 928.951843
ObjPos2 = -1464.371459
ObjPos3 = 13.285412
ObjRot1 = 0.000000
ObjRot2 = 0.000000
ObjRot3 = -89.643669
Time = 0
