ObjPos1 = 963.861755
ObjPos2 = -1416.984008
ObjPos3 = 13.286863
ObjRot1 = 0.000000
ObjRot2 = 0.000000
ObjRot3 = -89.432563
Time = 0
