ObjPos1 = 956.126831
ObjPos2 = -1559.293457
ObjPos3 = 13.332213
ObjRot1 = 0.000000
ObjRot2 = 0.000000
ObjRot3 = 0.339196
Time = 0
