ObjPos1 = 1027.050048
ObjPos2 = -1640.908569
ObjPos3 = 13.286578
ObjRot1 = 0.000000
ObjRot2 = 0.000000
ObjRot3 = 90.160171
Time = 0
