ObjPos1 = 1083.746459
ObjPos2 = -1816.124267
ObjPos3 = 13.341230
ObjRot1 = 0.000000
ObjRot2 = 0.000000
ObjRot3 = -90.345985
Time = 0
