ObjPos1 = 1027.039184
ObjPos2 = -1692.297851
ObjPos3 = 13.276861
ObjRot1 = 0.000000
ObjRot2 = 0.000000
ObjRot3 = 90.196044
Time = 0
