ObjPos1 = 1013.747985
ObjPos2 = -1539.826660
ObjPos3 = 13.323359
ObjRot1 = 0.000000
ObjRot2 = 0.000000
ObjRot3 = 3.268423
Time = 0
