ObjPos1 = 1006.687133
ObjPos2 = -1371.320068
ObjPos3 = 13.042400
ObjRot1 = 0.000000
ObjRot2 = 0.000000
ObjRot3 = 179.767608
Time = 0
