ObjPos1 = 1182.615234
ObjPos2 = -1129.956542
ObjPos3 = 23.727264
ObjRot1 = 0.000000
ObjRot2 = 0.000000
ObjRot3 = 89.871986
Time = 0
