ObjPos1 = 1318.351928
ObjPos2 = -1160.575317
ObjPos3 = 23.578105
ObjRot1 = 0.000000
ObjRot2 = 0.000000
ObjRot3 = 90.340377
Time = 0
