ObjPos1 = 1220.376586
ObjPos2 = -1428.112548
ObjPos3 = 13.135639
ObjRot1 = 0.000000
ObjRot2 = 0.000000
ObjRot3 = 179.293869
Time = 0
