ObjPos1 = 1369.889648
ObjPos2 = -1494.793457
ObjPos3 = 13.306869
ObjRot1 = 0.000000
ObjRot2 = 0.000000
ObjRot3 = 165.379531
Time = 0
