ObjPos1 = 1443.223999
ObjPos2 = -1334.118408
ObjPos3 = 13.288752
ObjRot1 = 0.000000
ObjRot2 = 0.000000
ObjRot3 = 180.413543
Time = 0
