ObjPos1 = 1460.813110
ObjPos2 = -1508.716674
ObjPos3 = 13.306862
ObjRot1 = 0.000000
ObjRot2 = 0.000000
ObjRot3 = 179.693527
Time = 0
