ObjPos1 = 1748.659790
ObjPos2 = -1587.369750
ObjPos3 = 13.262224
ObjRot1 = 0.000000
ObjRot2 = 0.000000
ObjRot3 = 269.183929
Time = 0
