ObjPos1 = 2736.298095
ObjPos2 = -1937.949829
ObjPos3 = 13.286864
ObjRot1 = 0.000000
ObjRot2 = 0.000000
ObjRot3 = 270.672332
Time = 0
