ObjPos1 = 2724.708251
ObjPos2 = -2016.705810
ObjPos3 = 13.267190
ObjRot1 = 0.000000
ObjRot2 = 0.000000
ObjRot3 = -90.222541
Time = 0
