ObjPos1 = 2912.202636
ObjPos2 = -1114.666503
ObjPos3 = 10.873197
ObjRot1 = 0.000000
ObjRot2 = 0.000000
ObjRot3 = 267.108337
Time = 0
