ObjPos1 = 2912.075195
ObjPos2 = -1119.937744
ObjPos3 = 10.826416
ObjRot1 = 0.000000
ObjRot2 = 0.000000
ObjRot3 = 267.737060
Time = 0
