ObjPos1 = 2904.696289
ObjPos2 = -903.435546
ObjPos3 = 10.796875
ObjRot1 = 0.000000
ObjRot2 = 0.000000
ObjRot3 = 179.368515
Time = 0
