ObjPos1 = 705.439514
ObjPos2 = -1440.538696
ObjPos3 = 13.279052
ObjRot1 = 0.000000
ObjRot2 = 0.000000
ObjRot3 = 178.529785
Time = 0
