[Informacije]
par1ID0 = 40
par2ID0 = 25
Rezultat10 = 1
Rezultat20 = 2
Kvota0 = 2.599999
HourPobeda0 = 11.2.2018 14:30
par1ID1 = 4
par2ID1 = 20
Rezultat11 = 1
Rezultat21 = 0
Kvota1 = 2.599999
HourPobeda1 = 11.2.2018 14:30
par1ID2 = 21
par2ID2 = 2
Rezultat12 = 5
Rezultat22 = 3
Kvota2 = 3.000000
HourPobeda2 = 11.2.2018 14:30
par1ID3 = 23
par2ID3 = 5
Rezultat13 = 0
Rezultat23 = 1
Kvota3 = 2.799999
HourPobeda3 = 11.2.2018 14:30
par1ID4 = 3
par2ID4 = 33
Rezultat14 = 4
Rezultat24 = 2
Kvota4 = 2.400000
HourPobeda4 = 11.2.2018 14:30
par1ID5 = 6
par2ID5 = 8
Rezultat15 = 3
Rezultat25 = 2
Kvota5 = 2.599999
HourPobeda5 = 11.2.2018 14:30
par1ID6 = 27
par2ID6 = 27
Rezultat16 = 0
Rezultat26 = 0
Kvota6 = 3.000000
HourPobeda6 = 11.2.2018 14:30
par1ID7 = 36
par2ID7 = 22
Rezultat17 = 1
Rezultat27 = 1
Kvota7 = 3.000000
HourPobeda7 = 11.2.2018 14:30
par1ID8 = 26
par2ID8 = 16
Rezultat18 = 1
Rezultat28 = 1
Kvota8 = 3.000000
HourPobeda8 = 11.2.2018 14:30
par1ID9 = 14
par2ID9 = 29
Rezultat19 = 4
Rezultat29 = 3
Kvota9 = 2.599999
HourPobeda9 = 11.2.2018 14:30
